5222625
7190578
177931
5418289
6952491
7003027
2128327
5304035
6326344
1745409
4688321
1890199
2510655
5379399
5045375
2386514
6879340
3465421
5108673
178082
270287
1332934
5489591
7214292
3729797
2341336
2608433
4515432
5537078
3870293
1287593
7533465
5882770
7508077
6400629
2910751
3566045
3998030
5065086
303612
3208967
6800367
6181189
4110708
6732642
3157961
1796837
2254048
3572733
5956891
3310281
5309397
4298392
3274830
3160529
1597656
696391
3409405
4391177
2176115
7565799
1460628
1291716
7310948
1524047
2795050
2040251
1307725
33904
4684058
3819850
4900669
4723795
2516438
5339154
234175
4896952
6709421
5016614
3940445
4550110