6478047
2324388
5375471
478116
6490462
2288146
2590478
1730966
3868905
1037078
4921205
2200675
490114
2649012
2666212
5746918
2596742
3409515
4409409
2402790
3812605
443387
3690456
4862126
207646
3931968
5028532
4482052
4207632
6267435
6640005
4519492
5889375
2751535
1627002
413127
7004388
1318795
4559849
3227795
2603965
4018207
362416
3133545
2430414
2371579
4665938
2639721
4250648
6316670
4919237
5749443
2849146
1166366
4161385
1957401
321354
2036835
900246
2976546
3272593
1438934
72443
1957822
885179
5612089
5072727
2775118
4631935
6639727
4422596
1596371
5184462
4429015
6852729
5047398
3612976
1683939
919158
6479435
5733111
5611377
6067278
2016562
3159267
2949612
3664422
3749128
3782085
1768894
3332601
154306
5133585
5490970
3912184
2219237
2922064
1052697
2897853
900128
6296561
2185634
1525990
2047193
395857
4746376
981715
1593067
5545429
4733238
5160077
3648658
4874146
2796524
3398485
5188159
3756408
4606266
4043486
967945
1139499
2875211
7281091
429063
5570841
2100079
1654631
2489996
4672392
1993341
5698756
840748
1632394
763080
2300128
3806413
2323607
2238023
995926
6507689
3141068
3550988
4267244
3537322
2090887
2671960
1149398
6996944
3098087
180538
1973326
2898418
1640235
1657537
5130239
7628263
7923113
292851
1509578
2153132
2847529
708369
1332549
4730812
4111052
6415286
446963
150978
370073
7015351
3012602
4936904
7668506
6227912
1030974
397368
4031815
2648035
335868
2683192
1429432
3410197
1096905
1085937
5321395
5087454
6339931
5861618
1942593
764624
2235133
2039482
3799242
3663773
5078204
2697591
4233197
2413303
5452389
6017001
1523910
3240381
3350779
6291914
5962715
3828004
1037294
1631193
3219049
3850595
4270211
4123672
3922207
1993204
5502945
556469
997537
551123
1820599
1225359
409382
1116216
4626831
3739837
6446098
6117140
4044380
2334534
5142487
2540618
1492034
3734101
5275639
3385212
964148
2054261
3833705
741249
4551041
2308683
1534554
5314275
1509764
1843560
2636887
4070469
982852
5754623
6620312
1837367
3145960
1841194
2564847
6371758
5699956
6366398
3023422
6625726
123527
3858030
6683139
2225044
2598247
3290339
2912012
1321572
1343790
2278598
298468
4935114
1283821
1180898
2002079
5404864
2271834
4571082
2252113
2052430
2232127
1014873
2529309
6285410
1079901
5731450
5992987
930640
3119050
1379631
4496091
3675659
3134215
2571277
818716
1316346
5408958
3542400
1318946
984830
3817374
2263250
821173
1107651
2768744
1120846
3531449
3702862
6467521
3857465
637545
696391
1897466
1106598
6561141
3726793
941187
4475937
4843993
1637358
369150
190711
356629
2838112
379693
2302611
6714194
4233180
5593959
2580791
972671
1192761
1403479
3666330
476382
6248491
550966
1186689
5318192
887894
1549700
6285134
360211
6860071
2070636
5233942
3750500
325408
5197037
2057066
3612433
1831027
6080373
1392423
2625032
2877822
2457566
5094531
4716694
5294091
6039052
5381331
7550472
744054
5489898
3679238
7365427
2675154
796336
5064151
4297578
1506104
6013830
2794064
4625829
573420
1396378
2943501
4135511
2105470
2739334
3469691
1754112
4183558
996592
3802122
1938826
2350068
6343685
4763177
6812027
4776103
829407
5359328
1079174
2852427
6083675
3732887
497366
1923925
3817111
3852907
3669602
734752
3636099
5393970
5562711
2291
1770868
6292759
3319074
809069
2293954
1158663
510577
6300197
5216857
6573316
649979
6621766
4074384
6838146
298511
529691
7339798
2065587
3320161
2839411
717214
4804264
2013835
2818583
5106719
304266
2024527
3839429
5235038
3260244
827632
3732643
5276903
4407531
5192228
1723695
4973987
2214180
5935255
705471
4286151
1503155
2911458
1818045
4428462
2054304
5288316
2828611
5552022
4052962
6845257
3956566
872721
2225646
2632938
519334
1639556
235123
3370870
5389530
4672729
3734172
8006185
49489
1715829
4070971
7146091
1831741
2891018
1000634
5993410
3673259
6253847
4831566
783707
3681880
5115932
2115769
4000556
5279156
4589003
968589
3894781
902276
5647037
5613260
4797289
5055401
925480
2675669
3237946
4779097
2114557
552470
1761406
5134647
695443
5251523
236136
2754856
2335844
5925259
891373
4133301
6518605
584140
2594435
4168314
1439305
5719935
6742368
1999155
2720553
1320532
2605604
1739882
6177391
5038993
4558709
1591934
4860513
2093236
2724626
5167937
4994743
3796083
6570665
3160089
291827
4676223
4018498
5252389
601868
1765573
6295668
4511245
5149922
3496570
7687367
5782800
1253844
4105359
3778953
1311977
2274894
2221895
1531708
3336381
876086
5173119
1225076
4851751
1531054
2078099
5512274
2948765
1796173
3409734
2541300
3580745
2468723
5619242
1684720
1495703
6754053
983391
2522861
5348307
3894930
4908802
1571080
5301119
1097490
4562287
2511560
5895830
2898017
6111866
567776
1855452
4375046
1595442
11238
1943671
800716
5942149
5127410
5028137
5227589
501696
1727589
4660897
3481973
6616489
3615140
3615605
3901746
2310866
6160402
5632994
4537215
870674
3426328
3297820
4378400
5460053
1391553
781729
7765281
4312485
5318240
3979479
3742608
3997720
4098549
3608785
803682
1005610
4704337
2421788
559745
2855059
3081770
4596556
1898527
8298909
3124150
503508
3150049
4260559
5180017
1343997
244647
3425390
407418
5437891
3284149
6093353
5148907
2724418
2806499
5626247
2308720
5742625
6626356
1638739
1969198
4348328