289784
4564891
4014593
4345024
4082052
236465
524743
166067
43452
8170773
4490559
5912399
3705518
4936954
7552
2890575
4526336
1029516
2934704
115363
3236045
785337
123064
140750
3966730
6629589
1494504
7096214
3998484
5405540
7279422
641955
343302
387076
1350184
263000
890537
1440897
1993501
3988526
2721480
3462319
3892259
1241334
4333838
1699937
1072229
4694621
113632
145279
2581168
1807040
1335245
3612559
1255289
171236
2416929
874188
343393
2312656
6740606
340760
405550
429091
1269674
532744
1690777
5079666
1393621
2995907
813853
495451
580412
1398786
6769931
1496234
1620779
4698204
353608
4703663
514571
2972353
1627296
68587
71978
1494770
2043563
28128
6379160
3495601
215487
2832874
5834822
1790644
2719960
660921
4918296
2910008
2365792
2156913
1310569
4530890
5478848
1243947
7233423
1612915
711308
1275169
2680864
5507349
4792805
5291015
5495287
648119
3601228
3538313
793796
6191533
4687135
3266847
2647317
8203389
2626742
2935222
4026906
7086962
1149404
952747
5512755
2553437
474034
798008
2654678
2007760
7313844
6774303
845567
2152274
692884
85737
1979340
1588032
5904552
12860
1983854
1126841
6586421
562957
1079174
2394026
670521
1336087
1379664
2430434
3744681
6862601
2768341
745903
5403088
5458362
1438
2086105
2626813
470211
1944335
2367848
3437837
3967425
3134778
3426684
45249
1344961
3918591
2538200
1852033
1462295
6787033
7644275
4803862
4168837
6634768
5216668