1961634
2411320
4386427
2065917
5391191
5116789
5684370
4957418
1754147
2375269
2097655
2768457
2171120
2948765
596781
161590
23118
5662469
120979
2079103
6631469
2289509
2727710
134554
5457656
719263
4005233
140750
4284627
2896626
2040863
4593267
1350184
3057566
6518787
4588964
1608165
1013719
226975
119527
918959
5883832
1202880
3154489
814761
1347198
3390291
225757
6060876
6621126
1806043
1866196
3462319
667648
4305712
347565
4941495
315052
5021321
6688041
3264977
2173917
4161385
5922180
1175714
5017179
1601703
4520911
4289519
680727
6350162
6395690
2047237
473085
48015
6198869
3877832
128511
3963067
366904
6911592
4350586
6296435
2989411
4428462
2419922
7508077
1937270
694576
4082723
7734
646887
5888265
3208458
5453246
1919297
4324721
3510424
2424184
50049
131326
4025095
1275169
481537
2932052
2884225
5674968
5071313
3270919
1270789
5494674
6290553
1162141
16587
965869
5985668
1896169
322631
2003898
1455016
5665431
5791397
2010398
2455888
4607488
3846032
7082018
7186730
943010
1235165
7172363
4845636
6559048
2469027
4706785
2462245
1729784
584518
2369473
4241278
6552680
4242097
1101001
5212501
1150918
511334
7691497
4617334
2266261
4206613
235700
6256059
3961271
5771399
2809095
1989534
4800933
2675154
2516704
2729876
4919058
5462551
436559
6627412
4521040
6162467
3716664
1878545
79566
539810
4944425
2317712
2413201
1013593
2963819
5987698
6404493
4758972
6626874
1116364
7097962
2541267
3323096
6392939
6874714
2402272
4009370
10396
400056
3310281
4490542
1070117
5045375
2352665
3555525
15168
3387000
133707
5785362
1462295
1704423
5494721
105104
811
1387346
1292918
4031604
5732397
7086962
1749566
5501669
220386
4034618
1294207
6503444
733077
4909087
1182192
4283725
2608433
8041414
412044
4714914
4792805
6004746
3123297
6445597
3780573
1690777
265804
5248907
6754053
2628863
7237719
2706918
5399734
6493825
5196093
1466970
3102264
5389107
6879340
5769640
130580
5407101
3185968
696485
2057919
366377
6061339
361687
3893016
886887
3205529
4062354
5318192
5249858
3873323
1298874