1023390
1336087
3853
2642059
278842
2033752
3198508
7172363
7193177
34509
5453555
2263978
3258851
4064372
101954
2756719
6130880
3563094
62849
1454378
5156017
2292816
1270789
23501
2465194
3336423
1149664
3307308
4501684
1918759
3545806
2576475
3205529
1690777
1266688
6879340
6936976
4271923
3951733
2635286
2822643
1413395
6896866
199201
4241435
2209008
7152606
6065774
5449709
1135954
5410879
4523099
446252
4763489
308661
2163727
5120389
885287
4396802
4789256
4899740
3384414
3475381
167958
293195
2808371
384507
1134649
6269864
1292918
1774667
5241642
1152524
4586007
5662469
4783169
4762201
3484570
121747
493122
2176127
4822120
1120273
7632486
6649800
226975
509868
211659
6873330
6911592
245614
6410484
1846282
147192
133707
1433373
183120
6704294
5248907
464581
235860
1705189
5468596
472245
5986881
60531
280904
929037
6445597
179910
4719550
4758972
2176813
2810883
5768335
966097
3980929
4749396
57159
2648679
868770
2045438
1429351
3291022
6141807
1294207
2834504
2768788
3198247
481267
2881849
4115625
6639835
2932052
6503444
73657
1118660
719263
1347198
3819850
1084944
5023438
859774
3555000
6770027
5826535
6514807
865874
6261331
3073378
368519
1490355
3102264
908939
4250197
2706918
6630530
2531068
6524169
3681671
3735425
967945
2225297
1085573
15416
8221170
153535
637866
723918
2844164
3964927
1333978
5796045
1896169
919578
3744681
2469027
3191481
7898708
734069
4324224
2209007
3684240
751865
4764736
30773
4284627
2675154
2575377
6130745
4532326
7691497
5265558
5976576
820800
5195699
2640636
5006740
5331194
3007154
5867869
2430597
1979005
234175
14356
1111040
7902545
3747990
471160
6255513
4855159
6624845
2912665
2104697
3807729
1032073
3120862
344347
596781
2081094
6452255
7105391
8150685
5508296
952747
4140668
709010
3848
4955829
2079109
5507349
577603
4932834
3312620
982161
2355119
3175443
3435400
5501669
2745573
3880898
4688321
3209505
14065
44738
6230654
46642
2082004
921070
6173047
2577852
888916
4186872
1460520
241631
558366
3425536
1385661
3098505
1013719
44673
826938
6181967
1464444
5489178
7369809
5361456
635654
6521181
1979521
1083220
8186051
5501675
5520058
2656778
2025214
2419922
3997133
6650382
496161
1274223
3723423
1079174
2684539
343443
1318479
3510736
6719703
2369389
2351345
1894478
3235496
1587418
1051830
7886227
1070117
3580365
5037799
754534
2466431
6174953
3762339
6147266
4128833
6799654
364056
69537
4505712
7043446
3141151
3233921
3909293
5232529
1938163
1749822
25472
4289519
2069064
726300
27678
366904
136208
3527464
1873507
6339395
6392939
5011111
1277769
5386374
26095
6292621
6612932
4015174
3202093
321937
4005742
3792942
6244076
7421086
5089102
472647
2489715
4975646
289684
775806
6696267
993040
4706785
730537
6114605
3919155
2860921
4711812
1116364
839932
1500563
6041265
134793
1345959
143504
6355709
7204614
5249858
2297448
3554605
56338
3067055
4433546
264325
2313339
2666289
3132173
462639
1013504
1953533
193619
4672588