3323231
4647316
1411687
2474926
728795
4968864
5857924
40521
1938486
2946329
2609817
11333
5549892
1506454
186133
93652
4295017
1831530
5195227
5004298
2118890
2039359
4685428
3731444
430893
76814
1786428
1812515
577067
1108505
5120312
8697
4201765
1371188
651188
1828879
2855875
2460971
3850405
3065232
3129340
3256506
6626317
3928617
1064714
220986
58391
996081
500773
3873323
118592
298511
204285
4270650
1121833
381697
118697
1159763
1366855
1859889
6157936
6179247
1187795
365102
455493
1148915
2267418
276469
4635792
1477051
1682148
943102
335858
2957758
4154141
1236868
1071090
4477493
137467
2373114
1565508
3819411
2964291
3862819
382456
1988163
3933927
120480
5903674
5554372
4519426
55155
4054186
1368293
3941803
1463584
448357
11099
1198352
1419853
6747696
1610754
517852
1855801
4491768
954725
4166211
1946501
492405
1467644
409265
2072504
5165961
593627
794234
113535
4896211
3980621
5137403
2040068
1523776
6493825
3110834
6469077
1937699
276994
940
828624
3191599
5181199
5024822
1254352
1892179
334053
919495
1003123
4032703
1775471
106119
4700841
2797802
1074944
26095
5575747
2900278
1249641
4320665
1753728
1440105
27457
2610249
350615
1260751
2091410
2669614
3723163
1607043
3803708
1785191
2071395
4523305
442351
3814721
1117932
7122
389222
157833
19594
1349152
2989404
2921949
21634
5154423
4572
1936841
6604242
189950
4697655
5614523
6622537
414
4326253
1448943
414058
3094533
2326753
222134
1615769
3629505
4204026
1849444
2360972
3867754
1083771
1801382
5369006
5496973
178082
1380428
1364007
657237
3909293
6338634
1625737
6400526
3215948
864313
2877471
303
1551567
105971
120955
1307725
90475
281348
366313
7951438
563532
5860544
4882032
4574
5571927
100596
33
1242773
1522548
6170109
386703
4527057
4635947
7644534
7421086
293099
2246344
1540600
6595463
231821
4830
1084022
2263507
1207195
857807
298754
561113
3326982
2135302
3283003
28572
227436
6085569
5962841
6697368
3043529
7586
6033166
813135
7262
501011
1731397
4414656
3917161
575376
2312877
979293
1796
1786847
721276
2266261
2683979
2905768
2480047
3465108
3008260
2958281
2528063
1210896
1036496
38368
1563833
1163867
4896952
1530742
4449101
5389107
2856868
6621584
1096201
1922117
3433452
2672386
1017161
6301707
5684370
625242
2266600
4036249
3571
80572
67249
1440057
1830293
863551
89586
1203643
106866
462639
242311
1026459
210336
865646
4383472
6470718
6283700
1509124
2887760
6308481
3815094
4193860
611628
3185569
5255018
1016343
2039482
3457592
1411014
1314276
3957221
2928544
3227403
301198
1139722
1590988
870604
1397858
3279825
3063273
2740086
1107074
2087604
60200
2261315
3874053
70613
359157
4559303
4672638
3768367
1793
4381800
1438
585584
4338316
2630469
3250340
1875256
148671
1466583
1045510
343299
1993681
1492826
51428
168941
3938395
5101046
3125553
1995101
1399195
1476989
2551007
812149
27908
12001
1461602
2644015
4939144
3198973
2461148
208161
3737186
5370858
358221
521554
2756471
921127
3549636
3955698
380384
1805776
5269656
30273
4887911
2147652
7356672
64976
4149474
117362
740472
6624788
1462295
3663686
1469980
44815
1719460
2759578
2976345
3011495
2780334
177317
2884225
5666987
2279200
3288649
3872578
4111606
3842050
3845456
1029287
1636276
6625726
5667026
267
4099598
2002588
11410
2881450
590382
1511384
330334
6352535
6357360
1379664
4558029
62889
3274830
6087092
5649561
1322693
147507
872363
592182
396200
1759015
2040569
1316346
1698987
3741893
459975
1188513
3205613
3881809
704104
4972473
4463445
2376122
903291
602379
98692
2794064
1580088
1330328
6290553
2623411
2145522
23354
5024726
5309534
1574931
6624040
1280410
2830647
1256041
4433080
491907
3011017
340760
1334542
833070
2911
2321864
3110695
5414193
30913
1010363
3329836
3624833
23633
1105881
637425
1997103
2662221
5881616
5248013
5769640
323924
111794
2599603
4241435
2539607
12484
1976786
3949461
1216172
900570
7793375
2534697
44743
3843312
621665
4035472
462060
395718
1425140
1887150
3615796
5011068
1800891
557445
1630665
2029849
5528593
2364405
526955
115690
1006127
97000
429091
1332034
138653
5501613
3125565
4551041
6689617
732221
213469
1428544
2767207
2862621
411831
113794
465053
3719687
8668
1068189
1113002
7881582
2416814
1061668
892536
4590867
6620916
398546
1464444
371045
3159635
1666800
369
442945
2469027
5182450
4297063
5077468
183678
2916232
6029659
316799
5431884
5550507
2772050
2898801
1148434
4182275
6612972
64348
1842065
958732
659190
4549550
4415734
4275342
231977
4819309
6625499
389966
1467396
1541419
2248454
3887635
890890
1336654
1132334
8184892
1251346
16473
1519458
4671754
5777678
4560343
1626606
1246870
22656
361842
5351033
2347434
103959
1222199
122507
46594
2410379
5240004
920322
591656
13
438570
4406995
2525304
10136
8223
5396396
4428123
942330
1262354
2544776
3225276
1185053
4262449
259656
6443307
438180
3936696
4590959
4697963
2273277
2814905
74015
336648
6536418
5867869
4558911
925083
3994425
3932049
4660897
1274407
920242
2639721
148260
84543
1228
3791802
3390550
37055
13322
67392
879997
5416
5976576
453277
3970411
184842
6123921
487544
296526
1737909
1187220
431111
4532326
162506
435619
8063119
122718
526724
1894233
155077
266535
5472058
6583901
5123592
5417658
5181623
5449709
4316312
21461
1761723
72746
3206570
2319407
785671
5297231
1477726
1830205
4645236
266143
2233835
3773011
622140
8877
2422874
967945
1051621
444244
718940
2541934
1260204
439761
360944
3283203
1509764
1315444
7028
480982
2905103
189572
5050431
5321395
3449556
3682967
526704
579576
4340086
6025198
1623754
51
3177711
570190
1950
493122
6781477
2326678
4115956
7845508
993547
2329663
1378307
391656
5466575
1652345
710162
7291581
4964923
29805
266562
6314392
1124622
1000737
2701677
3926461
7310927
5744
869576
3739391
3852459
6580210
270348
4422347
4877428
1122466
5119090
459102
4185234
221800
1358722
2617732
1043198
921054
4663866
1445568
1256550
3
2525604
365867
1401886
108234
1155847
6471538
1793785
1389423
49251
1620916
7894290
823592
1836935
4569506
713846
1324810
3506760