3597276
1592764
341201
3214177
4015856
196921
405550
432681
1643965
4703663
2120261
4551041
1155876
4509121
6523193
3375368
5139282
6254638
2421026
4290193
3148644
4008056
559079
557445
2314308
5220880
5299938
1811992
5047630
1385678
6574064
2661301
4114117
2226315
1923755
3448251
1270656
1300892
1081234
3538313
1344955
5128879
2617732
4561047
1407020
6392939
5826535
4663542
246246
734487
878514
6171547
3951782
3213602
3556874
3241847
7026544
3830698
2642959
3367974
1456376
4111568
5838198
1317805
4534949
438581
173679
321480
5933656
2720743
3538394
1696030
167362
4257303
123033
1676224
106224
3772847
3764366
2234742
2640230
1655926
2948417
615746
4185234
3969494
5399734
1042093
4613398
2344083
1136709
4695325
1947286
5410688
4952806
2796524
2382115
1339365
3392335
4497067
5138044
5937428
2813224
4382892
2102463
1615830
505649
1410735
1280289
1043674
3285730
5293076
6454135
4230661
6049581
1098851
6442082
5764553
2096845
1490860
1679414
2889988
19594
3764165
3710120
2566065
68763
2382283
462627
937377
2550659
1161892
1420186
3614064
91687
1542290
551357
1189546
29805
6225838
3999748
1165357
5375837
3710481
2606013
5074539
1465579
4206206
2030321
109392
137626
2172975
2622348
4075712
2198632
5650428
1284810
4672534
6479108
1527470
3509591
2480653
5545315
1520248
3821804
5220895
4446898
1946501
3998484
4683264
1560233
5321188
1046057
1950269
2286722
3942863
2816342
6598808
6049524
2378918
4268627
2229579
5900863
420006
4362643
7861554
7214959
2612484
4414003
4768433
7855318
4281779
1482673
934019
711308
4004007
1950503
3681236
5449709
5716106
497828
6493825
2758393
7516952
1139697
1113772
765036
1509764
4558080
4040525
1979340
1944335
2397327
1955317
5244995
4232386
1577396
6429774
2032064
982259
170091
493762
215552
2993458
547020
3212574
1873567
4378400
1644937
4142458
1807667
4022806
3210868
4937439
2697279
3311859
2570353
3448527
5931915
6629001
1982831
2319844
2555029
6571865
823738
2667686
6530221
5347689
1037793
2756409
4515471
1079174
42585
5712587
4660897
1241736
3317728
1495703
1004972
1645830
962603
3844188
2784512
3562241
1305794
5539376