2678454
811
1184750
903291
6253742
3178237
1425780
3710120
3169754
4794
2635496
4531270
3601420
2529309
1075324
6619998
3102264
3392335
4383472
2039482
62278
1068887
2407615
455491
57461
5384592
718940
5186167
1504372
23501
13140
4936137
1356883
5065086
692083
2364405
6309
1849664
1629243
392626
3064195
464988
86072
894973
2419921
4323812
23649
1115652
3663471
881229
4233593
389099
3821804
5037799
123527
1339280
524946
405550
5440638
4070984
168775
3353601
597408
934307
7274758
309308
897024
2346144
4207394
2424332
1583032
6326344
4779556
4816518
1352436
2397327
145279
232794
834
664345
2266261
4588964
4616087
5785291
70898
4803
1405475
6787033
4256535
37843
133707
893197
5597864
894836
2062000
411918
1021809
4089357
5269656
5363885
2828434
1757964
1663360
966247
1613867
5512274
1084174
412044
923255
3121199
3795597
127606
1195935
2450855
641955
266720
4909765
6924999
520162
3029163
8330953
2424184
777510
6407868
509706
57719
2321151
1112259
46058
1969198
1944335
1699937
66907
5298389
2747593
884
4714914
646507
5468799
1470950
2172566
2895816
6738540
4973666
409744
1509764
3009574
2864568
1519458
7600596
723918
4644817
5796253
2595183
6676199
4400820
1392008
166339
3906760
805284
1379089
1979340
2381269
1307154
560073
8168719
683218
559588
2887128
1003123
5466933
245706
4694621
1740468
937377
81071
5728926
2291321
3198247
6578619
1622
4405881
1142167
3928651
1498405
444244
372757
4004007
69875
938380
1329214
396746
4052699
2011900
2915834
4703663
67022
49388
3655261
1252947
1406321
3001733
4354956
5447994
365188
4428462
1076889
3345375
202095
1076564
1287593
6464719
3887342
5244995
5883832
545332
3288649
1240268
750510
1263211
1807667
5283213
6623661
2274224
204968
1988796
857728
2514228
1240001
1343790
1079174
1803692
2422874
6244
216074
812879
201303
744859
1380781
2738732
878514
99777
5449709
7598462
2659172
1491909
1671066
1292918
1790644
4667966
1798341
1086315
4490559
1510063
214063
17373
676874
2351523
5118212
971392
2945616
1157054
5227053
4750768
2483
99749
1960460
4931
5216847
2530378
1144141
4378400
3676450
1812515
28128
2258393
2489497
2430414
1503476
10136
577603
442945
4122020
1922144
5353461
3266897
3817004
792066
4792805
389966
877541
202694
10608
3129610
1025661
559845
4423221
4106184
2754856
298051
1944947
3759158
755798
1150918
2080069
620039
116249
724027
3639087
4186872
4159318
1766166
6794259
1159510
1634793
4595837
925897
5006740
4393565
2394026
801894
967945
2266827
1124740
721644
6655092
2057919
2777364
163024
384693
2765666
3042952
5168
1119153
683114
54249
4377017
5703771
925649