1766166
6442082
711308
4858573
4616087
3437608
1520248
1344955
6471538
405550
6548647
3448527
243555
2373114
5526401
6085569
4703663
7548993
4431148
3445322
2193439
3806412
6587346
2608433
734487
744342
4052384
2229579
1955317
7214959
2797476
2572853
5047630
2030321
616443
6690192
4934560
4270994
4251438
6672062
6483475
7041221
937377
4509121
1136709
6655553
1728836
1161309
1245775
2030247
5399268
2490343
5937428
4752069
2047725
1495703
2142994
4184530
1526963
755798
4551041
1807667
1672920
4250629
1509764
3215948
3509591
5270744
6615164
307338
6081892
1079174
341201
2177413
1798341
634324
5985668
7215671
2278598
1539384
4490559
1456376
505649
4386618
3538313
3298787
145346
3502980
4729515
6627598
1542290
4857836
3455248
1805453
2065237
1449674
3348992
4238662
7094618
2234742
5389107
3375906
7600596
6670723
4952806
5456631
3597210
1016716
5620297
6171792
5315690
705471
5619896
7179086
2210325
5903674
1563558
6388243
2057499
2767207
3130333
1530742
6320987
5244995
5074539
462627
4203686
1113772
6002174
1849664
6567876
2359957
4660897
5496966
1946501
5947269
6126607
863110
123527
7941251
6372737
137626
383904
4613398
6407868
2835320
2889988
5116681
3884852
418482
5024726
2884225
2722212
3345375
1668200
5139282
6392939
5456204
4937775
934019
2543959
6662156
4206206
500773
5299938
4841794
1882446
399211
6357231
6734503
3998484
2705693
401672
3999748
4515471
1583363
7855318
3676450
6846421
1334542
342618
3191
4345777
3597276
497418
4099598
2083599
6277535
5236226
123033
1591669
2397327
4084003
220060
5347689
1410465
5741738
4935665
441757
2319844
3132718
3346612
4948483
2571493
274402
3805023
4561047
3337722
2813224
4268627
3212574
3950422
7343856
737648
1887101
6395838
5829711
5826251
5917297
2346516
1979340
246246
61938
1086315
1847471
1950269
5785263
68763
5073734
3175443
1438
1650200
1477051
1898031
6049524
1744774