2260041
765298
777657
3275134
488611
4283799
4078527
4557589
655548
2927293
1856497
5433235
3109061
86605
706020
2030
2648067
6124464
346098
4491482
946
715593
2894844
6817323
1016102
790842
1316346
939025
7566973
1225359
1849664
3985135
5573171
1194669
5807290
316469
4097509
2415822
2219932
384309
1705189
1032372
184245
1804251
3681880
938380
667528
1072846
2124535
4168867
5370607
6135652
797767
1804311
224089
7701926
5442445
30273
4851667
5644794
4545495
2301271
2207249
1593067
4915882
1918002
2530594
2523553
4018498
4748657
242682
3108877
5167510
3662931
974695
5890071
2684355
5729485
179834
5450103
2604204
4355141
3695849
2135495
6294851
5773489
83905
6272142
2666436
9443
4599006
4365516
1492173
28674
3590216
3732297
1403732
5579279
793428
4160199
6187466
3207014
7840155
1572953
1796092
1843020
718721
3659949
647343
224988
1155354
5236226
5516068
1179863
2947739
2812054
639233
870313
1066828
2027279
559451
517707
2051909
1051816
5707916
1755869
6625726
2321467
2341246
6190582
4435670
6224761
142358
3202193
2845237
3943529
716106
4990506
5312361
5827627
2231063
2125097
5796045
2152616
3800154
1721019
1718377
5331311
376371
1069115
6569094
1540698
2466193
1237937
2181751
4171135
5638630
5099208
2296630
2731667
1104126
653736
4382595
6552680
4574343
1318939
2603230
814730
401774
4910767
3160561
2071021
1349789
412916
686902
3664060
362730
4536039
4601900
2754856
1213871
3395008
3397217
2011368
2767207
1752899
57856
1219956
4730119
666479
2410991
988169
5694391
2310306
431053
4743213
5546312
603977
475228
141721
4219574
3632832
584548
4270211
3476191
5332817
6135992
4260691
1083859
3743322
1965003
742298
2750589
2576359
1306489
852046
3109772
2092124
3126646
2631043
6850818
2252297
3755838
4558367
6536010
4152591
4751521
498796
1966109
3933375
3134192
5234233
3786697
104200
3487953
3701102
6570533
235297
815574
3760892
4015879
4402233
1309698
3743875
6620149
1190861
3080959
2280737
5966840
3461718
3366929
189804
4603753
6586087
3462308
3830477
3480295
875943
1104384
1404600
1360730
1564391
5244995
7403338
1207902
2900820
5083853
3063560
2908455
4731240
3848797
5865272
5575752
515147
1752988
2754808
3635734
934710
1122718
179843
1700465
2059307
6997513
5361515
410143
1462718
1527976
4751173
4883974
5746235
6285303
1626033
7093090
2836444
8318569
428994
995229
4620940
834094
3931796
6294093
730807
5149304
2160144
3633534
6919254
3177007
3668656
3562486
3219049
5062846
1281250
1960412
5468944
4029561
5148738
4442384
6946550
4060400
4065570
5229157
3830876
3342171
2601481
4687348
391231
608991
5624053
2894160
3386893
3374540
2162028
4503593
3583853
937222
866149
990070
1206172
3238178
4803556
4665907
1345618
7422207
343299
3178454
1506363
246776
767329
8002083
3607051
6223210
8023444
2710476
1515075
6644319
1972090
5935426
3741795
1939409
3584179
5006325
1789939
4698432