4555785
6392939
185723
668540
2621917
95725
2669025
1768737
34240
2884225
12860
539394
2637998
3009130
139985
1168884
4622192
829407
3230218
1351182
4909445
3054241
2830342
3572733
1828937
1766828
569046
321697
617157
2629460
7808133
215166
1763356
17428
897024
3027001
1743880
577123
3373597
5353128
89339
1091453
18157
3138305
1374678
1458740
3555000
1368690
1320066
4663542
740012
626853
3690024
6606123
1424875
415877
463304
919158
5904368
2736638
4156508
453767
6007933
1030974
1124740
3048005
873043
1117751
4356188
5151575
150830
4506528
811
1136610
6544942
2302862
112670
1103412
3366929
775954
1238944
1606632
3728901
6452488
4921429
5771658
6943913
2082437
5818889
2870532
6619917
170587
6579112
6387668
4199385
2891664
122607
5292302
6057220
6544665
3872894
923179
6702288
4756763
1483663
7775489
6245535
166067
7550472
3614835
6588249
5247502
1411160
1125346
11238
6815131
80075
3869736
1309035
4173303
2515719
1475228
3580745
3308999
6230654
1961634
3476387
1233251
3940445
2972255
4250629
4921205
4416792
6049263
833070
6093353
5604676
2395656
5171540
3850595
3986374
1944335
3622940
1400768
520684
6263070
4969370
873601
6342516
2525319
1950
4519426
6532640
682559
5165560
4232386
3267497
5024726
1553851
704104
4800355
4558709
4804264
4288596
3842050
6228266
2615437
3297820
4163002
466023
6655092
1440897
6754053
6781533
1509764
2872987
3141068
4484822
5876080
3431964
4393565
157672
283143
1484017
8195498
1270789
4378400
3601420
6304349
7089830
6579771
7167257
8207228
3282002
166339
34746
2513200
6462678
6254077
1638739
13531
5339966
352315
1442870
1519458
1772
500452
5743988
14811
1541619
202694
5614968
2193767
5792507
1951909
3580365
2326914
6679991
1470257
2119041
6625678
4745695
4386547
1107651
4530326
69783
893197
4390212
3858162
3239417
5091346
668240
6526765
4336080
509840
5684257
113632
711308
839689
293099
2074605
3985482
8409
5381656
967945
5526401
8009045
3884852
997537
3502776
641955
3490881
3385212
1667004
2915208
1377224
2164304
1924979
3179169
4695645
2296600
7941251
5131937
1079174
122861
6467521
599609
1369198
585398
7643517
1358722
823393
2234742
2608433
1553934
1391687
2702815
3419894
3893496
829571
1140748
3001733
2908793
871270
66686
3817111
692942
5739389
1133275
2469027
3927528
5226835
4936904
4741655
1031887
1120015
4185234
349710
2398375
1060350
1818045
6239674
2489497
6243347
3626537
5917671
485695
2775450
717341
6350636
3809164
5501669
142446
1678392
5647260
6479160
5094531
1515052
5050431
1848578
4178262
4923905
202009
6825151
825957
4382892
34088
33311
4945535
5620200
421602
4787916
4409409
2650960
2422776
597657
4922375
2267100
1852723
4909087
5227589
5778854
2948683
4047785
261156
5651359
6400048
2131074
4331291
3599225
18511
1151456
363573
6364956
5230900
5221149
5245957
6451307
2696779
745750
100856
657205
3553087
3697273
1896169
843943
3551916
2291955
3278662
5283746
5850195
1206549
1448252
5809504
5207023
3773011
1379329
575376
2063026
3252477
3619691
4660897
2383136
358688
5557885
3474
2711488
5249858
2270563
923847
4760390
697449
2357233
5966775
1803551
2003642
2809449
48382
865910
3386893
188626
3448799
198166
2314737
463213
2719960
4616087
736244
4475997
3615862
1064245
959
6523710
230513
4639860
6714194
903291
1803692
2051126
5638612
3487617
6401844
2109492
3790806
1098603
6280993
5888265
1460628
6382007
1916721
6395535
3699139
178753
221955
7248342
470341
3165602
1841181
1076463
3375713
6391367
3715508
6466339
3151415
4957418
1790644
6471538
4184530
2020820
108207
4174188
1714078
6357392
5893681
7369809
1079354
413537
13317
2308683
383124
5986817
4508007
570291
5409369
1831987
1886012
2688050
5230401
1701465
2204926
2991525
589259
1456253
1003886
5647037
2683146
6290553
2862341
4590852
4663552
2887760
4464702
4434245
5387134
3745636
5284011
1439946
256376
4621303
6377268
3385651
3886961
971067
1611055
4304038
3219049
343299
3626698
4441547
4089359
2103383
298029
1691530
2910269
6342442
3857465
5055401
4763177
2930268
117839
204968
6275934
1715829
467379
476690
3702862
1056133
2142994
1171622
2364405
6620312
856696
1305516
2591803
801894
2723001
1459174
7280124
1316346
539048
4005742
15880
69875
2963652
239101
2649570
95869
1447381
1520248
2047504
1989695
3386144
719263
3453226
179850
3133545
2767207
5223579
5999533
872814
1850609
3105453
2352462
2846923
2761035
3554071
1737909
4816518
894973
3138238
1096905
4000655
676644
4602283
4566490
1529061
5213194
1421919
13226
7563898
4539472
3458
1654631
5343328
2287101
5344433
5269673
820800
5514765
3808179
5495287
473181
1601729
5019769
574351
5416718
6042824
219584
7015351
5456160
1073665
1964623
7980731
1529983
4735402
5791997
2660039
1073786
6388243
4669984
3426328
3517923
1995170
1841194
2663579
5148907
5558072
6451425
4932834
2170192
1940824
3059893
6402939
1979340
330057
2456732
4274119
1531124
4527079
2111876
207421
6849461
934307
4161024
140934
6511967
1026459
1759015
5790498
4155961
4906610
4563745
461499
1984357
4936137
5632321
4683264
4318868
982149
1221571
3739391
2976142
4819996
6181599
6083675
1369532
2547495
4320665
7564323
5162063
3059385
442945
461958
4793100
69471
3782992
6366398
256196
6337937
3812201
1476989
1086315
6670001
1735406
13379
6477936
1997093
1515111
6147266
3524867
2397327
264016
8353029
1354334
905488
51754
6557067
1736792
6653173
2822643
1203728
5067525
1946501
6854434
4952551
4347628
1089149
6589979
4684058
669265
5600256
679052
4428462
4244993
948550
5502426
1796236
2948765
3314107
248082
1107607
1709946
4662041
4848127
2106815
3199595
415304
5020253
42769
4161385
3613766
2058368
4521040
3608192
1426469
3452803
6919927
4999394
5022249
982161
276052
3439135
5236247
4871061
5449709
5487099
845567
519334
596167
3188061
464457
1130812
2039482
637853
3741182
4111606
1594933
5829396
714965
1260472
432378
2278598
5958144
7294647
2036090
1121883
2890451
4779071
1486762
737936
6657215
2935333
1817722
2261980
4532326
8681
2345592
961977
7087617
5322470
5662469
1416620
3067217
6127225
518992
6837911
1458909
845034
4490559
4793951
6623910
4506140
4029174
1530494
5318192
2446574
4714914
1919297
527533
2540669
8089674
1981450
4565682
1504556
2060704
4467208
3807967
2275818
118587
133645
1217989
3786332
1003123
2753863
493122
974186
1807667
2289509
6639835
3309466
6058646
2497492
3888450
1691457
2420517
80907
1132499
236247
257501
5817706
2910751
7343856