3233827
5526354
4484822
2022914
866224
3725142
5950377
3521176
4116300
878514
1728166
1261879
925897
4504895
19856
5139282
371184
3909575
2276009
890537
2517393
3296811
3119050
595605
1850340
3478010
3462319
6369276
4378400
5795554
585967
400550
3424096
585371
4842671
6388243
5223631
266535
6488128
3459110
616717
2118955
1073868
6076713
6429774
181495
4423221
6356166
5459839
1841194
3384695
4095444
571194
3556874
6392939
6245875
5433342
405550
2179748
3709792
5764553
4772008
4379130
6310232
2480653
807787
769871
4393565
3882768
1888292
4361999
1324935
7513380
178082
1079573
3362188
2627243
3687463
2259144
2727710
2560137
4426282
1831096
5221347
861497
5244995
2002588
1805453
5709868
1447675
2889988
5056525
2427065
5894241
3191
1543403
1932552
4114117
3434588
5836921
5192846
6709129
4326495
2963652
1917313
2785476
3626698
3037257
1875256
2430414
1267304
3379536
6513795
592760
1726659
334274
3869455
2234742
261782
124416
3979073
163024
707111
5131937
3853934
4731569
5513988
1234443
5311928
498298
1947276
607407
1624261
1691311
1530110
1249581
4816074
561902
1326147
815386
989121
3366929
3027001
348314
2302862
1165178
1835379
1317805
2822643
4838658
3951782
5026139
2637185
419956
913800
4548134
3120525
5522551
4581977
2245950
2958281
5550507
6910253
3731657
3315779
3264217
4639281
4551041
2025923
23501
5026445
1759015
3681236
383904
6713446
5461005
405630
977083
3504913
219750
745750
4517814
4197363
3928341
4224536
145346
3436826
2921415
5896426
22920
1437845
557019
4236520
1946501
4684797
1894684
847382
7675833
894973
488191
1477051
1888402
2948765
5215440
21061
3346612
980869
12096
1405803
3511012
2142994
5937428
2319844
2852427
6357231
211627
5168448
454533
5171528
3591528
2682218
1491895
2813224
1403246
3708596
3345375
4166211
2081056
6794233
4876305
5535493
4120911
5366882
2608080
3397274
1408759
1513187
593963
4675056
1343790
182043
2173016
1620622
1221792
4242757
5260024
1410465
4434245
6558051
6269864
360186
665791
542251
7166588
3222831
1083663
949553
5174914
1265240
546661
5379496
3509591
4785610
962603
6702958
7852
139300
368772
5293076
2182767
6560716
3998484
617762
1964479
5600260
3082194
5690568
2743458
76840
1807667
1204267
5050271
1611417
1960558
2476755
1979340
900982
905
2639721
4633828
2762310
4786134
1469028
771466
4560343
3215948
220272
4621303
4396403
6629549
7798155
5690396
430213
2986033
6377969
131944
4695325
871050
3264977
1238344
6382007
3601420
263525
6633643
3838549
1739408
5716106
3324481
107797
6714539
5267669
4268627
6611700
445322
2296997
3925609
5871340
3219049
423033
4255426
957731
4578017
12559
654253
4221558
3155933
2209007
5285528
1615483
1391671
271577
4983595
1209018
4597392
1017787
1558527
145279
536950
2016735
2881286
5660882
1134649
2675672
3078890
2701677
1133344
1816770
532978
3990897
2271269
1424361
2571493
3025259
934420
3557535
2397613
2397327
2019825
1421069
46810
3654356
6194193
4180481
4796724
1206952
192217
4938301
777586
598420
575527
220060
2180523
1162597
1949694
2066118
1519458
3415269
1878457
2691226
6536695
3836051
4099598
6546775
1387828
2013580
6099426
128511
1059230
2584689
1280289
3755845
7179086
6572285
561731
1485351
17447
3187556
3587534
1356107
15055
6331369
1400768
3077801
5303755
438581
1466592
1157054
5593085
4515720
6036459
1115652
2064808
2525067
471795
3835843
785541
1397240
1798341
420597
108575
4422260
2314737
5647260
1410567
4244993
906311
6313073
3417449
1178686
5384679
18745
6284797
1509764
6290553
4794828
1669860
1529630
4062197
1344955
4185234
4168649
422839
706466
900747
6303733
1582029
1047823
593109
1650200
2015371
1167472
2417031
4936137
7187815
5524646
390522
6188402
1891133
248058
746757
4471582
5363071
811
6402939
4883095
942301
516245
6181766
5065086
135978
3142367
2720743
2229579
1114
11940
3005258
2073379
1464444
1203741
3783478
6594854
2898801
427146
3458727
4660897
1349893
283863
6161714
4592928
2030247
1392998
4038917
744298
60371
2828611
2582880
2051835
1300892
4714902
3897504
4142458
1627271
463304
1536133
1657018
126039
4500152
3842050
556124
834045
4813631
3413536
1229624
825789
6599814
1465579
887930
2672370
3877726
7165616
2741678
1696972
3821804
1343488
7451109
1737909
2281355
1591742
125981
865899
2508019
3155639
6225838
2752520
4663542
2280356
3995261
204968
3768367
2317712
3591628
5196561
2365792
1539384
3889449
3940327
1280997
215552
6794259
1984039
6093353
2869791
3124288
96656
2214
5662469
1321716
115866
3149020
783743
1173776
115363
5384592
4703663
1152664
917187
2359687
5067993