6007479
5293076
2314737
1529673
2828611
3974177
1460461
3595565
166272
812786
246246
5337924
1405475
1896134
5006740
4423221
2308473
4664880
1766831
1816093
877541
4520025
6322837
5614523
4117869
3612353
2788297
2738262
418482
1063716
66482
2800482
4461980
7056704
4105359
3235559
4397
1618292
5105831
5546267
721073
5901077
1803682
5957479
6733949
344949
1229624
4497805
7004388
1160395
1278487
6680925
1614156
1151456
5311928
4356985
764788
1864100
575376
3065232
802246
4378400
4703663
578411
166339
2194718
1509764
1379089
5022249
1029516
1615830
3617558
2057226
7529266
1342199
4414656
1771479
1980659
3264217
1203805
404192
2030321
1503476
2083613
4279937
6225838
267540
3270866
3938395
189134
544342
3288649
127776
4841794
2142994
361842
1658480
1768737
7137669
5318192
5934686
3392335
3390200
5963966
3327081
3219049
6219628
212076
6392939
3649961
5508736
3001733
2178980
7413394
3583831
44715
5535262
777225
5558072
2948765
4932070
1362531
205608
6339417
2532181
2279200
355931
163024
997537
5536889
442945
7688650
1910400
47672
2286306
6624680
3195546
1177139
5689100
6684190
6655061
4280615
5389107
3481973
974822
6191533