21061
1560126
4984854
2312877
3191599
89586
921054
215752
6177689
3699612
1805776
1523776
100596
1645454
3521193
1045881
4182275
413215
7085170
389966
637783
5186881
4685428
557445
1875256
316799
4590959
5981756
3288649
1977143
391656
328730
1469980
3248293
1816093
2797802
1016343
2321864
5744
3125553
1260204
4882032
4574
54544
628418
1280810
4295017
286976
4166211
151249
5575747
40868
1197518
59081
2245256
4558029
1249449
23528
2679750
444110
745049
5543849
520691
296526
525539
429091
23633
1590988
2701677
177317
3696113
186133
3764814
1458122
1359668
42841
3131696
1604229
834261
3850405
5012730
2619912
1938828
266143
5962841
2385
21704
3355825
3845456
1460422
87698
72746
7722915
1163867
1207195
6733949
1842065
885318
6471538
3127813
8384
365188
863564
307968
5571927
1764853
1083771
1892179
6123921
892536
2132357
2420979
4671754
3874053
3032289
4340086
356550
3835956
1115360
29638
6619191
1380428
4896211
66532
39068
1509764
462639
1139722
3780629
3042204
122507
5548042
5101046
3008260
24839
3164614
2837810
526704
340760
1615769
80572
5777678
231821
2715716
655426
293099