2314737
6045122
1306877
2877698
877541
4031815
890537
5428438
2100197
4251546
446039
4745878
1540689
132064
2619666
27009
5873766
2910269
5810474
1191635
804721
1903116
3927621
1946501
3593217
6060774
7610111
2680461
186298
3559733
3706693
2066736
1408759
1561059
5267551
6637668
1000737
3690529
6939352
7395882
383912
1047268
1437845
3389981
1985406
5704901
3933588
2028364
1760315
4276650
2321500
1091402
5051423
1504668
2738732
5644413
1114
6237235
1757214
5339201
3083488
4613549
3681236
4863783
2955102
7342110
5792737
1109178
1174869
5192846
454533
4504895
4655076
1432509
1730638
3307454
5918874
3701067
1008741
5104100
1149962
3750462
194175
6919770
440243
4242097
2679630
3873452
5677183
3836926
3543416
1174135
3705518
4905262
2396907
1001562
3786332
1539384
8143718
2080069
5645571
1420173
4420424
1944335
951667
5291686
2452381
1849644
139300
1380918
5384592
5354188
4111052
5111850
4932544
4719725
6728192
3755845
2806499
343263
5617140
11432
4551041
2823898
2278598
2772643
2980607
7040389
330920
1141093
1360732
2065736
3438226
2039855
6407868
1397311
5284288
1558527
3042856
2879085
2050499
4342875
1766225
1925689
1229624
5027503
1476885
1041104
3871521
6404493
2259144
3454745
2531068
7749877
1363247
6102253
1699937
3736538
3849075
1288680
592744
293465
2320153
598477
5550507
3178237
620039
1705189
5243162
712316
3556874
4533572
4508990
23501
14966
4062197
2948765
3252835
4446093
2016436
2733488
1154423
743957
884491
1079901
889158
1643749
1079817
112534
2612484
1587206
145279
2639721
2404065
4581977
4398444
1363231
2685083
1030974
3137109
3027001
1049894
5690396
2016735
8161432
1029516
109960
2800482
284480
817766
6767721
7616306
630496
1058612
6608382
4232386
4731240
1717735
1597872
2013580
1002833
2872106
3838549
6301910
1541138
545332
1913371
3505299
3398960
3297820
3078446
7994013
6121703
4712818
1162192
2049247
459517
493726
3858
3296811
6161714
3741067
1420197
2587646
278354
2946880
2224265
3708596
6192780
6568784
246263
1492826
115363
8088868
1637386
6222152
5053119
4484822
2898801
5526354
2441637
5300410
2633527