6124910
433373
559451
765298
6997513
220307
92714
1675875
5807290
5390105
2301271
488611
4435670
1039419
3632832
104790
214063
239880
1768737
2773311
3711928
4283799
790842
8002083
1753141
320616
2894844
754604
3743875
5556671
338642
43615
43143
3158329
603977
1564391
6644319
289501
935579
2011368
2311023
2960612
6552680
3386893
1306489
1492173
6556246
6515829
2310306
4894980
5244995
945906
5475813
3476191
294949
187668
731773
1728118
6620149
2905706
1506363
2900820
934710
2781107
1841029
917802
3127343
1033581
3741795
171436
6392939
3716597
5236226
1455016
98443
990070
4851751
426335
2503304
6369570
431053
2342915
1673358
3209173
115876
4748657
171933
12484
706020
400056
1838205
2030
730701
6388243
5240391
1882271
385754
1925806
2057171
1328421
46297
1417879
4029561
1016102
4743213
2091315
1083331
4361109
1603234
6714194