233337
2592415
242203
934739
2142994
1737909
711308
2209007
2688411
693464
1219754
4244993
4493079
1387233
3046871
2384465
552590
7343856
5024519
1790644
1433331
1600305
2085469
737230
214577
413354
5022249
187606
1949694
1683364
848668
2280040
2157510
3552932
727208
1368861
196491
5347689
3402854
4428462
1069277
1563558
3235001
466314
2522554
1356593
2373138
1487270
4141176
5747945
2175593
5596894
772035
468592
462627
3751731
1091152
2518200
7522548
3704831
2779307
5156280
3191372
5413076
6701175
3656354
1998801
353184
3884852
2104168
3887300
4497805
519020
3605516
3158829
2318135
3738395
3640207
5345150
477127
5309397
1207294
885397
4541769
2679170
3088508
4423221
1553888
2272581
3743152
2471423
2018304
2324206
6244
465830
2748984
636482
3315779
99401
2555049
1557526
3172875
1693947
102616
4007220
1545088
69993
2172602
5684024
1864100
1163786
862594
870729
188331
545332
3923665
2285848
6473132
924723
31479
4485551
2039482
5065008
867903
5533046
1306684
3536236
1343790
4172996
1399574
2911241
1165646
538128
877541
4551041
1058032
938603
6626733
6404493
1887301
2914877
2818869
1807667
1583006
5169651
6618847
858045
4519644
1291879
846749
6632554
819007
3555000
3612409
3504913
3676537
7576961
3720614
3933332
2360972
32763
899126
2822643
1898009
1427345
1362531
1049668
713916
2943403
5326737
1798341
6309457
3701267
2000656
1194115
5244995
1728836
2219158
3760604
7740888
4185234
6328833
1013219
3482664
1877624
8181761
1106380
1483663
3739901
576767
2908724
250259
388994
3000068
5006440
3693088
890537
687684
6837497
4050842
1878262
5745323
6523409
112000
6331369
3440545
2107509
4535386
628267
1174516
4982088
6499439
7137669
1849152
5545687
6049524
4117872
674033
350615
721578
1136709
4491779
4581323
463935
7580839
2525304
214196
2153758
323407
4635388
584387
2304480
2518525
4781925
2015200
638668
216129
418482
802246
4382892
19851
3080491
4323201
1268937
508666
1477938
2233391
5615220
2285345
2175173
4332216
2286722
83833
3296811
1646322
1439904
2030247
4289794
6085443
3208151
2232151
2876791
3578036
758088
166339
4320665
416714
2370483
65503
616425
6623127
3840840
889852
4245525
2486550
1252947
3990767
4649687
39321
1001110
145279
5348307
2869624
2719424
3455248
1294283
1766831
1847730
2057919
3943162
1129689
717214
3232832
6401844
4530326
1935077
357781
4841794
1158599
2397327
754119
5813424
4895860
5963966
4338327
292735
163024
2520795
1518924
2563803
12559
1049833
2678454
208809
345959
2337847
771379
1816093
123415
1946501
1148035
4198099
1082076
2595183
3113599
4004032
3136991
633281
3666040
3786332
2179479
706466
1069639
1740715
4361999
1550476
5796253
2182703
1119601
1087407
1195835
2729937
426224
1484908
206403
17405
1804506
7259671
5058871
3753055
1479735
4040525
1255289
5447994
375087
345925
4832389
3470589
937377
1685777
3142427
3258454
745750
3214177
3238615
2253302
2584392
3415269
2053165
7136088
6269864
310726
2932698
4378400
5425748
1575353
1788516
978690
1478372
6848370
2154300
4036303
4222449
2594250
2983
2599184
1334933
5211514
1613193
3769135
7603135
6828657
4429015
1906127
5791068
411918
2263631
467367
5626241
2825315
3308310
4997836
5389107
561309
2417031
927620
1230872
2812842
3762917
3593846
2606254
5293655
3663471
1300892
2852427
691053
2982676
1657932
5686489
3699054
2257776
3511726
1539384
1320305
1053772
1862926
1056133
2541634
3295276
2375142
2257664
285587