189198
62662
2126820
1361460
615422
7017028
702944
4568320
812022
4551050
4446881
1682148
371
2658816
2162893
532858
1830293
7057983
551834
17373
327785
4831435
4022830
503046
657237
3905079
2261315
1255289
3992622
6623684
755405
4819378
8188846
4068240
2100227
1244910
5212566
2499785
775544
2150063
2359643
1636173
2387890
608772
5249060
1238413
745049
411691
2215029
1279587
1112679
2031552
3810178
380233
4527057
4160
2304170
5615788
2020820
3594883
5361412
1911082
3649441
12124
1029287
6320829
7156080
3205561
36429
559306
336783
52598
13532
4405933
2056247
542251
8370230
613928
3151055
478656
16473
5088946
952477
2796058
7894895
2191599
2230
3288649
1355726
1157051
1303657
758233
3026851
2040569
3815179
6270170
1440057