958624
943010
444036
4988506
5044921
1832539
2848578
655372
677022
5732397
1061236
7074124
6412179
3884408
5528308
2697955
3163022
1847471
1721244
536950
3476387
3779183
4877634
2992065
445398
4974175
3155933
5540305
5797661
1472064
1849664
1087001
3720085
1675015
1672995
5996838
98057
2899630
7237719
6343860
5832850
2084656
4245174
3639087
6947337
2266261
2798036
3517631
3199595
2434234
4161385
3538220
3114900
2853437
1498405
3645227
7692140
5001349
180709
190597
895932
6085135
4504245
3688648
7081771
1224158
3195451
4175042
56338
2124148
5478848
4879688
4577665
1612701
3676450
1620792
1916449
405550
2596515
393194
1465373
5149740
178013
106287
1120370
161801
5888265
2099608
1241619
7254591
57952
893324
4323812
4107956
2263652
4973666
408182
2615940
5323213
4095334
4626943
3236045
5800744
6727041
3375713
23649
3949387
2834918
6642337
2511828
2932244
5747944
6840615
2580412
4091324
2867076
5230901
2184364
105717
1547004
4515228
3157961
353839
2395605
236574
833530
966247
498892
1219073
558820
2642845
5931915
2683246
3426606
2039976
3655268
486919
3623056
3198508
386899
1091453
1002410
4099593
7564323
603977
553223
6014153
439963
3328833
6655092
6539733
2132157
3580365
4464570
318488
4555569
1258509
3462319
5671364
4028130
5043793
5022249
4230591
3726604
1905360
2082004
974695
4220371
674039
6859882
3370525
1944335
2964982
6051861
2301450
667648
3165737
3001733
6457549
293099
717600
656833
2483080
1016216
1406941
4578652
5645103
2642653
434943
759485
4696955
189134
568855
5912399
1384641
1210060
1075374
1658617
2591803
3538313
4267783
5050683
395287
3151415
6220620
1768141
539465
4017552
442945
70157
2011147
6451264
1895314
1561176
3555000
657427
337997
4049036
3416469
2302482
2250231
722121
4374739
1543403
6657715
2289509
6813176
1211607
8284738
1281485
3830647
5377941
937377
1698058
3334697
3946766
2411802
5874499
222758
199236
1011227
6620417
4285679
2779389
6522112
4317531
783524
6394138
5428997
1463823
3078304
3005188
2350268
1058671
6806681
2970790
2822643
663752
6005652
2063361
1281470
3720614
2314737
5679756
422333
356528
968442
3134251
5802335
1336699
4082217
8060056
877541
5413116
3977826
2927205
3586162
210780
1925083
732398
2907819
1748754
981097
5091346
3886740
4725625
55857
2104879
3349443
1718122
2069380
1193863
5393381
5244995
4531270
6147266
3554071
1357409
1965736
5250746
198720
3951782
1076889
1919324
6437367
359284
4966
5305869
23991
2856868
4492611
7981254
1984756
8117998
248723
1423333
4350985
5662469
7007605
2679723
7508077
5483058
3627387
4106184
1390536
5512755
3903762
2367848
1524592
6734503
3759777
510937
364696
4911585
5299938
341459
5183342
1541458
2404424
2806499
3994063
5331352
37181
3153312
2026508
7171962
4330559
5018771
1290438
6119465
6620149
1387346
2054527
6524169
2646505
1460628
1328704
918959
522150
378826
868533
4994021
294836
389289
6936386
6623013
214150
2808510
6058822
523612
4927616
4201963
1762988
2298070
5249858
1391671
1274613
1115659
1805453
771848
552621
5558281
2400310
193619
1489266
4490559
4518388
160665
832136
6627185
5539184
1529178
1020897
2232151
1464444
1747069
2074215
62821
1807667
2781698
5321058
6584717
42223
4551041
2705530
2040340
2069064
6501627
326238
2932052
3100515
3001761
386327
1231450
5504760
5951320
6471733
1576602
6622517
1124344
4320665
2689562
1513091
6161714
6817418
1440897
5616110
1184072
3748807
4936137
4962122
154762
3663705
260985
51197
1060034
4952130
4667934
1330831
4052384
2173891
1074744
5943150
3861314
1306877
6848834
6779307
1970751
2233336
854988
395857
3389827
3264217
5574466
6860612
493122
467379
4982148
2193134
6767685
2272638
252218
1011859
390738
809056
3654356
707111
1860929
3437837
6766209
6335232
334999
4909087
1753545
1134649
3476397
3406955
6364089
100297
1529346
1240268
6769931
6748546
4757521
5276801
1507325
4618272
2428123
3527520
112964
4047785
8210140
7825115
604734
2291710
2489446
5466926
5658350
5641674
467366
6547518
3296811
1503
2330648
5903382
1144711
2079484
1394353
3220986
2887760
6711420
2997179
5827958
3988371
5488275
3095014
1945104
289368
3753684
1603480
1149664
923794
3294035
2210287
1639625
7343856
7952582
1459669
110707
1728179
1441112
4594443
4368946
3655904
239247
2823755
376371
515368
6661940
2666859
2419921
3254859
6660856
974555
2142994
30038
4760801
2983
2797476
748858
404099
1709795
1059273
1404311
6899000
653378
3238611
4816775
5054533
737230
4744336
1773961
3777633
2514396
2268727
2345870
1003123
652722
3657941
2013580
5630489
5446749
1783914
541136
3834059
929623
400617
4356188
2714931
5113071
166067
2336725
1073222
15055
934739
1075324
3933810
521364
2433774
3754548
5116726
460306
3409405
2623906
4392611
145279
7130168
4343241
4625387
1368534
2800876
4538495
2720402
2608433
2505645
1587329
3407256
8330953
6541288
1946501
882918
636136
5512090
407071
596041
6627323
1084944
669017
4759726
4271125
2610955
216074
6835952
463758
2031089
6338083
5343557
2130213
5264490
205521
3871910
7182177
4589003
5792737
2550354
2271269
5267879
7121181
249878
614241
4954037
5361515
3796473
3374681
820534
2062965
2077270
3906487
5719759
5504169
5994041
4575071
7154241
5152794
6623266
4553309
4257143
5763213
3750257
2728397
173773
4816518
5803233
1453822
1917313
5014656
3510736
1339820
319618
5350498
1318181
736937
7582820
6309608
2935155
1763356
3579910
5404894
1400554
5198222
348081
2308300
1331956
1329429
3663471
790387
5860230
6342812
562769
1086326
17209
2626000
3333708
384397
2319588
72476
2345523
2708169
2487336
8269859
6395690
3150837
1812322
1757964
3337893
1944947
705086
3398583
365188
1488801
3200367
5749443
5825294
798684
2736671
639792
3596337
473899
5827215
4588964
7605829
785541
4340450
1186949
6377268
1520248
4414003
1626
3734244
122978
5399734
705471
3586325
3160466
909742
5371102
2612322
5370534
6626530
1468125
4622463
4323
5182026
509840
6187538
4168903
1569659
1678416
1577341
1993414
6102253
1222076
1708751
3843828
794539
3345375
3802922
6844098
6712764
128629
6274563
1223463
232794
7006469
7602873
948550