6457567
907844
3413536
3029016
5270744
4719725
4352287
2579308
3654356
5871340
2013580
518428
3229534
293465
115049
6812877
5266158
1477051
2806499
834045
6111271
5188846
6760995
3472247
5604676
5241520
4060385
1254856
6941627
4700360
1053772
1938881
1335264
1759688
2212431
3449335
1745409
5932623
2396907
313990
5510695
4996204
581620
2102463
6840615
1785635
3836229
1910355
4109124
3890611
6608382
843493
270274
5924322
3878940
1043674
1472764
2314737
390747
2474246
1358674
5185595
124132
2993242
5408958
1333836
7199720
1109178
1165178
6671969
2762747
713425
2141947
795372
1612869
414002
30038
3649961
1246018
3104969
6356919
262456
115363
2733506
4484822
1001745
604131
5662469
6902543
957731
3914072
1289344
1759514
2671303