5949678
712765
123527
6598100
4759544
405017
1795483
4470392
2100645
203130
1464792
923315
115363
1821961
28128
4143605
3577922
5101493
4256535
3667165
2367593
2423164
2116518
317908
2647317
2454151
2529285
3498950
5425630
763096
741850
1157054
7948068
2224331
1415546
2923846
4948732
1616697
299774
485864
22237
261006
177053
428260
473040
1380867
229044
393021
834459
4381234
2945616
1373657
45816
1246279
405550
348987
25258
6318514
5594180
1438
1423901
4293498
2576857
1877683
5423827
2842278
5021321
681679
3160466
5155665
6848834
652779
2578693
5184993
2275559
4089357
6634242
3426684
1012097
3170288
6496010
322020
277527
1805453
2981429
1213904
6619998
631508
1715409
812749
417872
18396
2577852
1169785
2833161
542553
919641
3073378
6471538
1392282
1626606
5293076
720254
1115652
1525759
5771228
3929489
3953760
676874
2035262
966097
5606343
313522
1489580
1772
657416
2518355
1119153
4139603
7754
3232523
3405140
708369
1863564
713916
2308531
263858
4175647
1232497
4660897
1954610
3970701
3284936
5888368
1978251
81071
1621998
2295410
4399654
369401
414127
3832338
2509777
4703663
278842
1922399
7734948
1267729
352360
316408
407213
1454953
2917523
2862049
2384284
645886
4423221
671422
1418337
295249
515674
131226
7862796
3990897
2219557
2076787
610351
1818469
2115680
1825390
2110884
848668
1737909
818057
3303182
5097563
7685083
4271125
4145941
1157242
1510063
1629243
512904
4565485