636799
6266499
2768322
325068
3131537
6523193
1296980
2832282
1794026
1805453
2781602
2813483
3448554
7362128
5781737
2454151
4423221
4316935
2072436
713916
1607015
2033517
4247633
4703663
3786332
1411047
2779976
7017933
4089357
664675
877579
409517
2335820
1715409
96737
9195
2076787
3588909
2202702
4304188
1257094
1051778
1326518
3619384
3422357
955366
2066546
2936733
578288
6006050
1012097
2066608
2931685
359736
1020137
6782482
659634
4745028
3458314
2102463
4087357
3863146
3345375
383819
5950320
1881769
4687343
1621998
849105
1376201
2892022
1718986
326984
259900
4778326
5859685
859491
2680864
705131
76710
461294
4344085
2545197
1166183
115159
4432024
371530
2049247
5452786
2624835
822256
1886853
2226315
1765499
2263652
3034747
7262470
4638378
5244450
2349546
1682038
312907
5224982
610351
5586783
123527
1249
1060541
5809075
4841209
1271437
32453
6660632
2917523
733721
4613236
1609040
7219974
488195
1616697
631187
4280391
2681997
848668
1499260
3739043
3559682
3102766
5424678
2087204
2266827
2144445
1482055
2884225
6388521
5227053
6270554
2509777
667773
4758119
1766843
652779
4172515
6924999
3137549
1849664
5365389
7671538
3160466
4723393
5830036
1244089
5733972
91970
5228653
3079520
1490947
25258
383912
6318514
5805728
1425596
1571115
2945616
2672566
4207394
2694238
167996
504963