1336087
3292325
3212574
2444386
1503163
2887760
6518147
834261
2258393
4358339
26111
1132642
301607
1979340
536950
2451726
32027
3865006
1940824
6574064
6220816
5410879
151758
3564751
6936853
5996936
6450450
533120
2297366
2036808
1841839
5586958
2193968
4154421
4378400
4915654
1202843
163024
325521
3319687
4203686
114292
6471538
1016435
98804
1495703
5095669
4730201
361842
1043674
7172363
2279200
2612068
4650537
5280641
1944366
5011068
957950
15354
3739391
2410379
3872894
5276718
4201765
226897
5829848
2641576
3264217
485534
1221533
307968
319875
2314737
4645236
1439748
168703
3401520
335858
1203811
1946501
3059893
4694621
1438
6619524
2554537
5250746
5194088
2308473
7004388
1618292
2404889
215452
6668376
692942
683218
1386551
909742
2989201
1860089
1029516
6633643
4660897
2958272
5050431
3709746
6101163
5165961
829407
414
2680864
5293076
4964923
1759015
3056913
9034
747897
5907809
204285
5550507
1709629
4497805
4896952
504958
187538
1934778
7259926
112670
592182
2609817
6281947
6203436
575376
1605665
954725
2422776
6491757
7413394
4250629
1961634
2052732
3682162
1579182
2767207
11654
3845436
4178262
7003682
500773
620444
5116096
3522593
222758
4700149
2723943
2811537
4096670
5546267
4651802
145988
5860431
1735928
4551041
3626537
155077
2111584
1847769
1334542
5389107
3528562
3215948
1657427
1423901
4677305
365188
1268937
1271898
648119
2076049
1801382
4917882
27010
5976576
2577734
6357886
1503505
1398786
126039
3955698
2843157
5528943
1227152
5192848
3494243
1515052
84383
1583
6158629
32458
1000827
5322242
4609360
1509764
5319981
6392939
2610249
5221149
347414
70157
1980414
913124
344949
1191259
232403
395857
6620537
3604745
5669294