608991
836850
3769927
3732297
337392
358480
2651356
5148377
410143
23649
1916845
5644794
1190861
3830876
1835803
205185
2659973
6638996
4065570
2640633
1878781
516359
2897755
705471
2725435
4803556
5501940
4915882
1320911
2557145
1431641
6567876
1271826
3207014
2767207
4200050
1630618
1155984
2099148
6272142
3003353
400056
278842
3537361
224671
5389107
343299
4748172
2474416
866149
5389870
5104126
1464444
5744633
6200684
5236226
1176706
3524867
6623424
5838902
1891013
160917
5230046
2589276
151471
1032372
2731526
1072335
4499783
187668
904316
324183
1384983
2694525
142358
3461718
5546312
59541
4577897
124649
2446155
2695387
97337
2027279
6557303
2090772
4015879
689779
943544
2030
1737909
1321917
4531028
6653715
294884
6817323
1796907
3219049
1003093
1894000
3080959
2071718
3681880
118125
2131377
4267244
616971
491280
5230900
3143890
5358255
3858517
1485833
1519343
2757916
1752662
797598
6628341
3635734
5774551
1950419
151019
1761687
2227743
411604
3980472
104790
6451264
4786387
2577337
5062846
3418066
442427
4096655
1460929
515147
648767
7273492
1761990
835786
348384
1107651
6124910
663965
1628385
3160561
5408958
6782589
2318226
4355141
2820553
3488526
3480295
3743875
5022249
7633722
3723945
2530594
1173513
1314846
2976878
3366929
3165622
4687348
1311272
2363911
1917313
2900820
3701102
4541396
6620916
6714194
2376786
6495570
2894844
214373
3208492
2374802
1293744
5099208
5328417
451475
1849664
621264
2415822
3839114
1434829
2905195
6354973