4655486
396119
3552932
1229624
2733506
2422874
606821
457268
1649124
1135770
6638533
5386466
1901532
1916362
80572
127826
2071612
651188
1181479
43848
3901944
3124288
1107768
3583600
2832398
5606083
2752442
812915
75525
3403018
3229534
279393
1841827
1568755
1108828
4844421
2348288
1191635
2440747
4446383
146765
2173016
2800482
1039247
185723
498298
4225948
340760
224222
8088868
1919324
721250
1603
1990451
4641479
3914072
1133284
3893988
636942
3379536
3696076
544130
6369276
4516689
371530
5526354
1919388
5776572
4290193
5423311
388951
414789
6621156